1,1 21,21
7,7 23,23
-51,-51 23,23
-8,-8 5,5
-11,-12 4,4
898,-925 28,28 28,28 28,28 28,28 28,28 28,28 28,28 28,28 28,28 28,28 28,28 28,28 28,28
0,0 28,-28 28,-28 28,-28 28,-28 28,-28 28,-28 28,-28 28,-28 28,-28 28,-28
0,0 -28,-28 -28,-28 -28,-28 -28,-28 -28,-28 -28,-28 -28,-28 -28,-28 -28,-28 -28,-28 -28,-28 -28,-28 -28,-28
0,0 -28,28 -28,28 -28,28 -28,28 -28,28 -28,28 -28,28 -28,28 -28,28 -28,28
240,-240 28,28 28,28 28,28 28,28 28,28 28,28 28,28 28,28 28,28 28,28 28,28 28,28 28,28 28,28 28,28 28,28 28,28 28,28 28,28 28,28
0,0 27,-27 27,-27 27,-27 27,-27 27,-27 27,-27 27,-27 27,-27 27,-27 27,-27 27,-27 27,-27 27,-27 27,-27 27,-27 27,-27
0,0 -28,-28 -28,-28 -28,-28 -28,-28 -28,-28 -28,-28 -28,-28 -28,-28 -28,-28 -28,-28 -28,-28 -28,-28 -28,-28 -28,-28 -28,-28 -28,-28 -28,-28 -28,-28 -28,-28 -28,-28
0,0 -27,27 -27,27 -27,27 -27,27 -27,27 -27,27 -27,27 -27,27 -27,27 -27,27 -27,27 -27,27 -27,27 -27,27 -27,27 -27,27
-240,240 28,28 28,28 28,28 28,28 28,28 28,28 28,28 28,28 28,28 28,28 28,28 28,28 28,28 28,28 28,28 28,28 28,28 28,28 28,28 28,28 28,28 28,28 28,28 28,28 28,28
0,0 28,-28 28,-28 28,-28 28,-28 28,-28 28,-28 28,-28 28,-28 28,-28 28,-28 28,-28 28,-28 28,-28 28,-28 28,-28 28,-28 28,-28 28,-28 28,-28 28,-28 28,-28 28,-28 28,-28 28,-28
0,0 -28,-28 -28,-28 -28,-28 -28,-28 -28,-28 -28,-28 -28,-28 -28,-28 -28,-28 -28,-28 -28,-28 -28,-28 -28,-28 -28,-28 -28,-28 -28,-28 -28,-28 -28,-28 -28,-28 -28,-28 -28,-28 -28,-28 -28,-28 -28,-28 -28,-28
0,0 -28,28 -28,28 -28,28 -28,28 -28,28 -28,28 -28,28 -28,28 -28,28 -28,28 -28,28 -28,28 -28,28 -28,28 -28,28 -28,28 -28,28 -28,28 -28,28 -28,28 -28,28 -28,28 -28,28 -28,28
240,-240 21,21 21,21
0,0 21,-21 21,-21
0,0 -21,-21 -21,-21
0,0 -21,21 -21,21
1696,2177 28,28 28,28 28,28 28,28 28,28 28,28 28,28 28,28 28,28 28,28 28,28 28,28 28,28
0,0 28,-28 28,-28 28,-28 28,-28 28,-28 28,-28 28,-28 28,-28 28,-28 28,-28 28,-28 28,-28 28,-28 28,-28 28,-28 28,-28
0,0 -28,-28 -28,-28 -28,-28 -28,-28 -28,-28 -28,-28 -28,-28 -28,-28 -28,-28 -28,-28 -28,-28 -28,-28 -28,-28
0,0 -28,28 -28,28 -28,28 -28,28 -28,28 -28,28 -28,28 -28,28 -28,28 -28,28 -28,28 -28,28 -28,28 -28,28 -28,28 -28,28
269,14 27,27 27,27 27,27 27,27 27,27 27,27 27,27 27,27
0,0 27,-27 27,-27 27,-27 27,-27 27,-27 27,-27 27,-27 27,-27 27,-27 27,-27 27,-27 27,-27 27,-27 27,-27 27,-27 27,-27 27,-27 27,-27 27,-27 27,-27
0,0 -27,-27 -27,-27 -27,-27 -27,-27 -27,-27 -27,-27 -27,-27 -27,-27
0,0 -27,27 -27,27 -27,27 -27,27 -27,27 -27,27 -27,27 -27,27 -27,27 -27,27 -27,27 -27,27 -27,27 -27,27 -27,27 -27,27 -27,27 -27,27 -27,27 -27,27
290,-276 26,26 26,26 26,26 26,26 26,26 26,26 26,26 26,26
0,0 25,-25 25,-25 25,-25 25,-25 25,-25 25,-25 25,-25 25,-25 25,-25 25,-25
0,0 -26,-26 -26,-26 -26,-26 -26,-26 -26,-26 -26,-26 -26,-26 -26,-26
0,0 -25,25 -25,25 -25,25 -25,25 -25,25 -25,25 -25,25 -25,25 -25,25 -25,25
-297,-283 28,28 28,28 28,28 28,28 28,28 28,28 28,28 28,28 28,28 28,28 28,28 28,28 28,28 28,28 28,28 28,28 28,28 28,28
0,0 26,-26 26,-26 26,-26 26,-26 26,-26 26,-26 26,-26 26,-26 26,-26 26,-26
0,0 -28,-28 -28,-28 -28,-28 -28,-28 -28,-28 -28,-28 -28,-28 -28,-28 -28,-28 -28,-28 -28,-28 -28,-28 -28,-28 -28,-28 -28,-28 -28,-28 -28,-28 -28,-28
0,0 -26,26 -26,26 -26,26 -26,26 -26,26 -26,26 -26,26 -26,26 -26,26 -26,26
-389,163 28,28 28,28 28,28 28,28 28,28 28,28 28,28 28,28 28,28 28,28 28,28 28,28 28,28 28,28 28,28 28,28 28,28 28,28 28,28 28,28 28,28 28,28
0,0 27,-27 27,-27 27,-27 27,-27 27,-27 27,-27 27,-27 27,-27 27,-27 27,-27 27,-27 27,-27
0,0 -28,-28 -28,-28 -28,-28 -28,-28 -28,-28 -28,-28 -28,-28 -28,-28 -28,-28 -28,-28 -28,-28 -28,-28 -28,-28 -28,-28 -28,-28 -28,-28 -28,-28 -28,-28 -28,-28 -28,-28 -28,-28 -28,-28
0,0 -27,27 -27,27 -27,27 -27,27 -27,27 -27,27 -27,27 -27,27 -27,27 -27,27 -27,27 -27,27
-198,57 27,27 27,27 27,27 27,27 27,27 27,27 27,27 27,27 27,27 27,27 27,27 27,27 27,27 27,27 27,27 27,27 27,27 27,27 27,27 27,27 27,27 27,27 27,27 27,27 27,27
0,0 28,-28 28,-28 28,-28 28,-28 28,-28 28,-28 28,-28 28,-28 28,-28 28,-28 28,-28 28,-28 28,-28 28,-28 28,-28 28,-28 28,-28 28,-28 28,-28 28,-28 28,-28 28,-28 28,-28 28,-28
0,0 -27,-27 -27,-27 -27,-27 -27,-27 -27,-27 -27,-27 -27,-27 -27,-27 -27,-27 -27,-27 -27,-27 -27,-27 -27,-27 -27,-27 -27,-27 -27,-27 -27,-27 -27,-27 -27,-27 -27,-27 -27,-27 -27,-27 -27,-27 -27,-27 -27,-27
0,0 -28,28 -28,28 -28,28 -28,28 -28,28 -28,28 -28,28 -28,28 -28,28 -28,28 -28,28 -28,28 -28,28 -28,28 -28,28 -28,28 -28,28 -28,28 -28,28 -28,28 -28,28 -28,28 -28,28 -28,28
1047,240 21,21 21,21
0,0 21,-21 21,-21
0,0 -21,-21 -21,-21
0,0 -21,21 -21,21
-2411,184 37,-10 37,-10 37,-10 37,-10 37,-10 37,-10 37,-10 37,-10 37,-10 37,-10 37,-10 37,-10 37,-10 37,-10 37,-10 37,-10 37,-10 37,-10 37,-10 37,-10 37,-10 37,-10 37,-10 37,-10 37,-10 37,-10
0,0 -27,-27 -27,-27 -27,-27 -27,-27 -27,-27 -27,-27 -27,-27 -27,-27 -27,-27 -27,-27 -27,-27 -27,-27 -27,-27 -27,-27 -27,-27 -27,-27 -27,-27 -27,-27 -27,-27 -27,-27 -27,-27 -27,-27 -27,-27 -27,-27 -27,-27 -27,-27
0,0 -10,37 -10,37 -10,37 -10,37 -10,37 -10,37 -10,37 -10,37 -10,37 -10,37 -10,37 -10,37 -10,37 -10,37 -10,37 -10,37 -10,37 -10,37 -10,37 -10,37 -10,37 -10,37 -10,37 -10,37 -10,37 -10,37
23,12 0,-35
0,0 -35,0
0,0 0,35
0,0 35,0
963,-256 0,-35
0,0 -35,0
0,0 0,35
0,0 35,0
-708,-712 0,-35
0,0 -35,0
0,0 0,35
0,0 35,0
-442,171 -28,-28 -28,-28 -28,-28 -28,-28 -28,-28 -28,-28 -28,-28 -28,-28 -28,-28 -28,-28 -28,-28 -28,-28 -28,-28 -28,-28 -28,-28 -28,-28 -28,-28 -28,-28 -28,-28 -28,-28 -28,-28 -28,-28
622,622 -28,-28 -28,-28 -28,-28 -28,-28 -28,-28 -28,-28 -28,-28 -28,-28 -28,-28 -28,-28 -28,-28 -28,-28 -28,-28 -28,-28 -28,-28 -28,-28 -28,-28 -28,-28 -28,-28 -28,-28 -28,-28 -28,-28
641,639 0,-35
0,0 -35,0
0,0 0,35
0,0 35,0
-622,-622 0,-35
0,0 -35,0
0,0 0,35
0,0 35,0
1881,2504 28,-28 28,-28 28,-28 28,-28 28,-28 28,-28 28,-28 28,-28 28,-28 28,-28 28,-28 28,-28 28,-28 28,-28 28,-28 28,-28 28,-28 28,-28 28,-28 28,-28 28,-28 28,-28
-622,622 -28,-28 -28,-28 -28,-28 -28,-28 -28,-28 -28,-28 -28,-28 -28,-28 -28,-28 -28,-28 -28,-28 -28,-28 -28,-28 -28,-28 -28,-28 -28,-28 -28,-28 -28,-28 -28,-28 -28,-28 -28,-28 -28,-28
620,622 0,-39 0,-39 0,-39 0,-39 0,-39 0,-39 0,-39 0,-39 0,-39 0,-39 0,-39 0,-39 0,-39 0,-39 0,-39 0,-39
623,0 -28,-28 -28,-28 -28,-28 -28,-28 -28,-28 -28,-28 -28,-28 -28,-28 -28,-28 -28,-28 -28,-28 -28,-28 -28,-28 -28,-28 -28,-28 -28,-28 -28,-28 -28,-28 -28,-28 -28,-28 -28,-28 -28,-28
620,622 -39,0 -39,0 -39,0 -39,0 -39,0 -39,0 -39,0 -39,0 -39,0 -39,0 -39,0 -39,0 -39,0 -39,0 -39,0 -39,0
2,-622 -28,28 -28,28 -28,28 -28,28 -28,28 -28,28 -28,28 -28,28 -28,28 -28,28 -28,28 -28,28 -28,28 -28,28 -28,28 -28,28 -28,28 -28,28 -28,28 -28,28 -28,28 -28,28
620,-622 0,39 0,39 0,39 0,39 0,39 0,39 0,39 0,39 0,39 0,39 0,39 0,39 0,39 0,39 0,39 0,39
-622,0 39,0 39,0 39,0 39,0 39,0 39,0 39,0 39,0 39,0 39,0 39,0 39,0 39,0 39,0 39,0 39,0
0,622 28,-28 28,-28 28,-28 28,-28 28,-28 28,-28 28,-28 28,-28 28,-28 28,-28 28,-28 28,-28 28,-28 28,-28 28,-28 28,-28 28,-28 28,-28 28,-28 28,-28 28,-28 28,-28
-622,622 -28,-28 -28,-28 -28,-28 -28,-28 -28,-28 -28,-28 -28,-28 -28,-28 -28,-28 -28,-28 -28,-28 -28,-28 -28,-28 -28,-28 -28,-28 -28,-28 -28,-28 -28,-28 -28,-28 -28,-28 -28,-28 -28,-28
622,622 0,-39 0,-39 0,-39 0,-39 0,-39 0,-39 0,-39 0,-39 0,-39 0,-39 0,-39 0,-39 0,-39 0,-39 0,-39 0,-39
622,0 -28,-28 -28,-28 -28,-28 -28,-28 -28,-28 -28,-28 -28,-28 -28,-28 -28,-28 -28,-28 -28,-28 -28,-28 -28,-28 -28,-28 -28,-28 -28,-28 -28,-28 -28,-28 -28,-28 -28,-28 -28,-28 -28,-28
622,622 -39,0 -39,0 -39,0 -39,0 -39,0 -39,0 -39,0 -39,0 -39,0 -39,0 -39,0 -39,0 -39,0 -39,0 -39,0 -39,0
0,-622 -28,28 -28,28 -28,28 -28,28 -28,28 -28,28 -28,28 -28,28 -28,28 -28,28 -28,28 -28,28 -28,28 -28,28 -28,28 -28,28 -28,28 -28,28 -28,28 -28,28 -28,28 -28,28
622,-622 0,39 0,39 0,39 0,39 0,39 0,39 0,39 0,39 0,39 0,39 0,39 0,39 0,39 0,39 0,39 0,39
-622,0 39,0 39,0 39,0 39,0 39,0 39,0 39,0 39,0 39,0 39,0 39,0 39,0 39,0 39,0 39,0 39,0
21,639 0,-35
0,0 -35,0
0,0 0,35
0,0 35,0
622,-622 0,-35
0,0 -35,0
0,0 0,35
0,0 35,0
-622,-622 0,-35
0,0 -35,0
0,0 0,35
0,0 35,0
-622,622 0,-35
0,0 -35,0
0,0 0,35
0,0 35,0
-395,-2222 38,6 38,6 38,6 38,6 38,6 38,6 38,6 38,6 38,6 38,6 38,6 38,6 38,6 38,6 38,6
-568,-88 35,-18 35,-18 35,-18 35,-18 35,-18 35,-18 35,-18 35,-18 35,-18 35,-18 35,-18 35,-18 35,-18 35,-18 35,-18 35,-18 35,-18 35,-18 35,-18 35,-18 35,-18 35,-18 35,-18 35,-18
-834,424 18,-35 18,-35 18,-35 18,-35 18,-35 18,-35 18,-35 18,-35 18,-35 18,-35 18,-35 18,-35 18,-35 18,-35 18,-35 18,-35 18,-35 18,-35 18,-35 18,-35 18,-35 18,-35 18,-35 18,-35
-424,834 -6,-38 -6,-38 -6,-38 -6,-38 -6,-38 -6,-38 -6,-38 -6,-38 -6,-38 -6,-38 -6,-38 -6,-38 -6,-38 -6,-38 -6,-38
657,657 18,-34 18,-34 18,-34 18,-34 18,-34 18,-34 18,-34 18,-34 18,-34 18,-34 18,-34 18,-34 18,-34 18,-34 18,-34
-265,512 -6,-38 -6,-38 -6,-38 -6,-38 -6,-38 -6,-38 -6,-38 -6,-38 -6,-38 -6,-38 -6,-38 -6,-38 -6,-38 -6,-38 -6,-38 -6,-38 -6,-38 -6,-38 -6,-38 -6,-38 -6,-38 -6,-38 -6,-38 -6,-38
146,922 -27,-27 -27,-27 -27,-27 -27,-27 -27,-27 -27,-27 -27,-27 -27,-27 -27,-27 -27,-27 -27,-27 -27,-27 -27,-27 -27,-27 -27,-27 -27,-27 -27,-27 -27,-27 -27,-27 -27,-27 -27,-27 -27,-27 -27,-27 -27,-27
922,145 -27,-27 -27,-27 -27,-27 -27,-27 -27,-27 -27,-27 -27,-27 -27,-27 -27,-27 -27,-27 -27,-27 -27,-27 -27,-27 -27,-27 -27,-27
408,410 -38,-6 -38,-6 -38,-6 -38,-6 -38,-6 -38,-6 -38,-6 -38,-6 -38,-6 -38,-6 -38,-6 -38,-6 -38,-6 -38,-6 -38,-6 -38,-6 -38,-6 -38,-6 -38,-6 -38,-6 -38,-6 -38,-6 -38,-6 -38,-6
513,-265 -34,18 -34,18 -34,18 -34,18 -34,18 -34,18 -34,18 -34,18 -34,18 -34,18 -34,18 -34,18 -34,18 -34,18 -34,18
88,569 38,6 38,6 38,6 38,6 38,6 38,6 38,6 38,6 38,6 38,6 38,6 38,6 38,6 38,6 38,6
-569,-88 35,-18 35,-18 35,-18 35,-18 35,-18 35,-18 35,-18 35,-18 35,-18 35,-18 35,-18 35,-18 35,-18 35,-18 35,-18 35,-18 35,-18 35,-18 35,-18 35,-18 35,-18 35,-18 35,-18 35,-18
-834,424 18,-35 18,-35 18,-35 18,-35 18,-35 18,-35 18,-35 18,-35 18,-35 18,-35 18,-35 18,-35 18,-35 18,-35 18,-35 18,-35 18,-35 18,-35 18,-35 18,-35 18,-35 18,-35 18,-35 18,-35
-424,834 -6,-38 -6,-38 -6,-38 -6,-38 -6,-38 -6,-38 -6,-38 -6,-38 -6,-38 -6,-38 -6,-38 -6,-38 -6,-38 -6,-38 -6,-38
657,657 18,-34 18,-34 18,-34 18,-34 18,-34 18,-34 18,-34 18,-34 18,-34 18,-34 18,-34 18,-34 18,-34 18,-34 18,-34
-265,512 -6,-38 -6,-38 -6,-38 -6,-38 -6,-38 -6,-38 -6,-38 -6,-38 -6,-38 -6,-38 -6,-38 -6,-38 -6,-38 -6,-38 -6,-38 -6,-38 -6,-38 -6,-38 -6,-38 -6,-38 -6,-38 -6,-38 -6,-38 -6,-38
145,922 -27,-27 -27,-27 -27,-27 -27,-27 -27,-27 -27,-27 -27,-27 -27,-27 -27,-27 -27,-27 -27,-27 -27,-27 -27,-27 -27,-27 -27,-27 -27,-27 -27,-27 -27,-27 -27,-27 -27,-27 -27,-27 -27,-27 -27,-27 -27,-27
922,145 -27,-27 -27,-27 -27,-27 -27,-27 -27,-27 -27,-27 -27,-27 -27,-27 -27,-27 -27,-27 -27,-27 -27,-27 -27,-27 -27,-27 -27,-27
410,410 -38,-6 -38,-6 -38,-6 -38,-6 -38,-6 -38,-6 -38,-6 -38,-6 -38,-6 -38,-6 -38,-6 -38,-6 -38,-6 -38,-6 -38,-6 -38,-6 -38,-6 -38,-6 -38,-6 -38,-6 -38,-6 -38,-6 -38,-6 -38,-6
512,-265 -34,18 -34,18 -34,18 -34,18 -34,18 -34,18 -34,18 -34,18 -34,18 -34,18 -34,18 -34,18 -34,18 -34,18 -34,18
109,586 0,-35
0,0 -35,0
0,0 0,35
0,0 35,0
569,88 0,-35
0,0 -35,0
0,0 0,35
0,0 35,0
265,-512 0,-35
0,0 -35,0
0,0 0,35
0,0 35,0
-410,-410 0,-35
0,0 -35,0
0,0 0,35
0,0 35,0
-512,265 0,-35
0,0 -35,0
0,0 0,35
0,0 35,0
1060,1537 38,-10 38,-10 38,-10 38,-10 38,-10 38,-10 38,-10 38,-10 38,-10 38,-10 38,-10 38,-10 38,-10
-490,131 28,-28 28,-28 28,-28 28,-28 28,-28 28,-28 28,-28 28,-28 28,-28 28,-28 28,-28 28,-28 28,-28 28,-28 28,-28 28,-28 28,-28 28,-28 28,-28 28,-28 28,-28 28,-28
-623,622 10,-38 10,-38 10,-38 10,-38 10,-38 10,-38 10,-38 10,-38 10,-38 10,-38 10,-38 10,-38 10,-38 10,-38 10,-38 10,-38 10,-38 10,-38 10,-38 10,-38 10,-38 10,-38 10,-38 10,-38 10,-38 10,-38
-261,982 -10,-37 -10,-37 -10,-37 -10,-37 -10,-37 -10,-37 -10,-37 -10,-37 -10,-37 -10,-37 -10,-37 -10,-37 -10,-37 -10,-37 -10,-37 -10,-37 -10,-37 -10,-37 -10,-37 -10,-37 -10,-37 -10,-37 -10,-37
231,851 -28,-28 -28,-28 -28,-28 -28,-28 -28,-28 -28,-28 -28,-28 -28,-28 -28,-28 -28,-28 -28,-28 -28,-28 -28,-28
850,230 10,-38 10,-38 10,-38 10,-38 10,-38 10,-38 10,-38 10,-38 10,-38 10,-38 10,-38 10,-38 10,-38
-131,491 -10,-37 -10,-37 -10,-37 -10,-37 -10,-37 -10,-37 -10,-37 -10,-37 -10,-37 -10,-37 -10,-37 -10,-37 -10,-37 -10,-37 -10,-37 -10,-37 -10,-37 -10,-37 -10,-37 -10,-37 -10,-37 -10,-37 -10,-37
231,851 -28,-28 -28,-28 -28,-28 -28,-28 -28,-28 -28,-28 -28,-28 -28,-28 -28,-28 -28,-28 -28,-28 -28,-28 -28,-28 -28,-28 -28,-28 -28,-28 -28,-28 -28,-28 -28,-28 -28,-28 -28,-28 -28,-28 -28,-28 -28,-28 -28,-28 -28,-28
719,721 -37,-10 -37,-10 -37,-10 -37,-10 -37,-10 -37,-10 -37,-10 -37,-10 -37,-10 -37,-10 -37,-10 -37,-10 -37,-10 -37,-10 -37,-10 -37,-10 -37,-10 -37,-10 -37,-10 -37,-10 -37,-10 -37,-10 -37,-10
983,-261 -28,-28 -28,-28 -28,-28 -28,-28 -28,-28 -28,-28 -28,-28 -28,-28 -28,-28 -28,-28 -28,-28 -28,-28 -28,-28
359,360 -37,-10 -37,-10 -37,-10 -37,-10 -37,-10 -37,-10 -37,-10 -37,-10 -37,-10 -37,-10 -37,-10 -37,-10 -37,-10 -37,-10 -37,-10 -37,-10 -37,-10 -37,-10 -37,-10 -37,-10 -37,-10 -37,-10 -37,-10
851,230 -38,10 -38,10 -38,10 -38,10 -38,10 -38,10 -38,10 -38,10 -38,10 -38,10 -38,10 -38,10 -38,10 -38,10 -38,10 -38,10 -38,10 -38,10 -38,10 -38,10 -38,10 -38,10 -38,10 -38,10 -38,10 -38,10
622,-622 -38,10 -38,10 -38,10 -38,10 -38,10 -38,10 -38,10 -38,10 -38,10 -38,10 -38,10 -38,10 -38,10
492,-131 -28,28 -28,28 -28,28 -28,28 -28,28 -28,28 -28,28 -28,28 -28,28 -28,28 -28,28 -28,28 -28,28 -28,28 -28,28 -28,28 -28,28 -28,28 -28,28 -28,28 -28,28 -28,28
129,-491 -10,38 -10,38 -10,38 -10,38 -10,38 -10,38 -10,38 -10,38 -10,38 -10,38 -10,38 -10,38 -10,38
360,360 38,-10 38,-10 38,-10 38,-10 38,-10 38,-10 38,-10 38,-10 38,-10 38,-10 38,-10 38,-10 38,-10
-491,131 28,-28 28,-28 28,-28 28,-28 28,-28 28,-28 28,-28 28,-28 28,-28 28,-28 28,-28 28,-28 28,-28 28,-28 28,-28 28,-28 28,-28 28,-28 28,-28 28,-28 28,-28 28,-28
-622,622 10,-38 10,-38 10,-38 10,-38 10,-38 10,-38 10,-38 10,-38 10,-38 10,-38 10,-38 10,-38 10,-38 10,-38 10,-38 10,-38 10,-38 10,-38 10,-38 10,-38 10,-38 10,-38 10,-38 10,-38 10,-38 10,-38
-261,982 -10,-37 -10,-37 -10,-37 -10,-37 -10,-37 -10,-37 -10,-37 -10,-37 -10,-37 -10,-37 -10,-37 -10,-37 -10,-37 -10,-37 -10,-37 -10,-37 -10,-37 -10,-37 -10,-37 -10,-37 -10,-37 -10,-37 -10,-37
230,851 -28,-28 -28,-28 -28,-28 -28,-28 -28,-28 -28,-28 -28,-28 -28,-28 -28,-28 -28,-28 -28,-28 -28,-28 -28,-28
851,230 10,-38 10,-38 10,-38 10,-38 10,-38 10,-38 10,-38 10,-38 10,-38 10,-38 10,-38 10,-38 10,-38
-131,491 -10,-37 -10,-37 -10,-37 -10,-37 -10,-37 -10,-37 -10,-37 -10,-37 -10,-37 -10,-37 -10,-37 -10,-37 -10,-37 -10,-37 -10,-37 -10,-37 -10,-37 -10,-37 -10,-37 -10,-37 -10,-37 -10,-37 -10,-37
230,851 -28,-28 -28,-28 -28,-28 -28,-28 -28,-28 -28,-28 -28,-28 -28,-28 -28,-28 -28,-28 -28,-28 -28,-28 -28,-28 -28,-28 -28,-28 -28,-28 -28,-28 -28,-28 -28,-28 -28,-28 -28,-28 -28,-28 -28,-28 -28,-28 -28,-28 -28,-28
721,721 -37,-10 -37,-10 -37,-10 -37,-10 -37,-10 -37,-10 -37,-10 -37,-10 -37,-10 -37,-10 -37,-10 -37,-10 -37,-10 -37,-10 -37,-10 -37,-10 -37,-10 -37,-10 -37,-10 -37,-10 -37,-10 -37,-10 -37,-10
982,-261 -28,-28 -28,-28 -28,-28 -28,-28 -28,-28 -28,-28 -28,-28 -28,-28 -28,-28 -28,-28 -28,-28 -28,-28 -28,-28
360,360 -37,-10 -37,-10 -37,-10 -37,-10 -37,-10 -37,-10 -37,-10 -37,-10 -37,-10 -37,-10 -37,-10 -37,-10 -37,-10 -37,-10 -37,-10 -37,-10 -37,-10 -37,-10 -37,-10 -37,-10 -37,-10 -37,-10 -37,-10
851,230 -38,10 -38,10 -38,10 -38,10 -38,10 -38,10 -38,10 -38,10 -38,10 -38,10 -38,10 -38,10 -38,10 -38,10 -38,10 -38,10 -38,10 -38,10 -38,10 -38,10 -38,10 -38,10 -38,10 -38,10 -38,10 -38,10
622,-622 -38,10 -38,10 -38,10 -38,10 -38,10 -38,10 -38,10 -38,10 -38,10 -38,10 -38,10 -38,10 -38,10
491,-131 -28,28 -28,28 -28,28 -28,28 -28,28 -28,28 -28,28 -28,28 -28,28 -28,28 -28,28 -28,28 -28,28 -28,28 -28,28 -28,28 -28,28 -28,28 -28,28 -28,28 -28,28 -28,28
131,-491 -10,38 -10,38 -10,38 -10,38 -10,38 -10,38 -10,38 -10,38 -10,38 -10,38 -10,38 -10,38 -10,38
381,378 0,-35
0,0 -35,0
0,0 0,35
0,0 35,0
491,-131 0,-35
0,0 -35,0
0,0 0,35
0,0 35,0
131,-491 0,-35
0,0 -35,0
0,0 0,35
0,0 35,0
-360,-360 0,-35
0,0 -35,0
0,0 0,35
0,0 35,0
-491,131 0,-35
0,0 -35,0
0,0 0,35
0,0 35,0
-131,491 0,-35
0,0 -35,0
0,0 0,35
0,0 35,0
958,968 35,12 35,12 35,12 35,12 35,12 35,12 35,12 35,12 35,12 35,12 35,12
-385,-131 38,-4 38,-4 38,-4 38,-4 38,-4 38,-4 38,-4 38,-4 38,-4 38,-4 38,-4 38,-4 38,-4 38,-4 38,-4 38,-4 38,-4 38,-4 38,-4
-727,85 34,-21 34,-21 34,-21 34,-21 34,-21 34,-21 34,-21 34,-21 34,-21 34,-21 34,-21 34,-21 34,-21 34,-21 34,-21 34,-21 34,-21 34,-21 34,-21 34,-21 34,-21 34,-21 34,-21
-774,484 21,-34 21,-34 21,-34 21,-34 21,-34 21,-34 21,-34 21,-34 21,-34 21,-34 21,-34 21,-34 21,-34 21,-34 21,-34 21,-34 21,-34 21,-34 21,-34 21,-34 21,-34 21,-34 21,-34
-485,774 4,-38 4,-38 4,-38 4,-38 4,-38 4,-38 4,-38 4,-38 4,-38 4,-38 4,-38 4,-38 4,-38 4,-38 4,-38 4,-38 4,-38 4,-38 4,-38
-85,728 -12,-35 -12,-35 -12,-35 -12,-35 -12,-35 -12,-35 -12,-35 -12,-35 -12,-35 -12,-35 -12,-35
516,516 31,-20 31,-20 31,-20 31,-20 31,-20 31,-20 31,-20 31,-20 31,-20 31,-20 31,-20
-343,215 20,-32 20,-32 20,-32 20,-32 20,-32 20,-32 20,-32 20,-32 20,-32 20,-32 20,-32 20,-32 20,-32 20,-32 20,-32 20,-32 20,-32 20,-32 20,-32
-389,615 4,-39 4,-39 4,-39 4,-39 4,-39 4,-39 4,-39 4,-39 4,-39 4,-39 4,-39 4,-39 4,-39 4,-39 4,-39 4,-39 4,-39 4,-39 4,-39 4,-39 4,-39 4,-39 4,-39
-99,904 -13,-37 -13,-37 -13,-37 -13,-37 -13,-37 -13,-37 -13,-37 -13,-37 -13,-37 -13,-37 -13,-37 -13,-37 -13,-37 -13,-37 -13,-37 -13,-37 -13,-37 -13,-37 -13,-37 -13,-37 -13,-37 -13,-37 -13,-37
302,858 -27,-27 -27,-27 -27,-27 -27,-27 -27,-27 -27,-27 -27,-27 -27,-27 -27,-27 -27,-27 -27,-27 -27,-27 -27,-27 -27,-27 -27,-27 -27,-27 -27,-27 -27,-27 -27,-27
857,300 4,-36 4,-36 4,-36 4,-36 4,-36 4,-36 4,-36 4,-36 4,-36 4,-36 4,-36
-46,399 -13,-36 -13,-36 -13,-36 -13,-36 -13,-36 -13,-36 -13,-36 -13,-36 -13,-36 -13,-36 -13,-36 -13,-36 -13,-36 -13,-36 -13,-36 -13,-36 -13,-36 -13,-36 -13,-36
245,689 -28,-28 -28,-28 -28,-28 -28,-28 -28,-28 -28,-28 -28,-28 -28,-28 -28,-28 -28,-28 -28,-28 -28,-28 -28,-28 -28,-28 -28,-28 -28,-28 -28,-28 -28,-28 -28,-28 -28,-28 -28,-28 -28,-28 -28,-28
642,643 -37,-13 -37,-13 -37,-13 -37,-13 -37,-13 -37,-13 -37,-13 -37,-13 -37,-13 -37,-13 -37,-13 -37,-13 -37,-13 -37,-13 -37,-13 -37,-13 -37,-13 -37,-13 -37,-13 -37,-13 -37,-13 -37,-13 -37,-13
906,-99 -26,-26 -26,-26 -26,-26 -26,-26 -26,-26 -26,-26 -26,-26 -26,-26 -26,-26 -26,-26 -26,-26
288,290 -36,-13 -36,-13 -36,-13 -36,-13 -36,-13 -36,-13 -36,-13 -36,-13 -36,-13 -36,-13 -36,-13 -36,-13 -36,-13 -36,-13 -36,-13 -36,-13 -36,-13 -36,-13 -36,-13
689,244 -39,4 -39,4 -39,4 -39,4 -39,4 -39,4 -39,4 -39,4 -39,4 -39,4 -39,4 -39,4 -39,4 -39,4 -39,4 -39,4 -39,4 -39,4 -39,4 -39,4 -39,4 -39,4 -39,4
615,-389 -36,4 -36,4 -36,4 -36,4 -36,4 -36,4 -36,4 -36,4 -36,4 -36,4 -36,4
400,-46 -32,20 -32,20 -32,20 -32,20 -32,20 -32,20 -32,20 -32,20 -32,20 -32,20 -32,20 -32,20 -32,20 -32,20 -32,20 -32,20 -32,20 -32,20 -32,20
215,-343 -20,31 -20,31 -20,31 -20,31 -20,31 -20,31 -20,31 -20,31 -20,31 -20,31 -20,31
131,385 35,12 35,12 35,12 35,12 35,12 35,12 35,12 35,12 35,12 35,12 35,12
-385,-131 38,-4 38,-4 38,-4 38,-4 38,-4 38,-4 38,-4 38,-4 38,-4 38,-4 38,-4 38,-4 38,-4 38,-4 38,-4 38,-4 38,-4 38,-4 38,-4
-728,85 34,-21 34,-21 34,-21 34,-21 34,-21 34,-21 34,-21 34,-21 34,-21 34,-21 34,-21 34,-21 34,-21 34,-21 34,-21 34,-21 34,-21 34,-21 34,-21 34,-21 34,-21 34,-21 34,-21
-774,484 21,-34 21,-34 21,-34 21,-34 21,-34 21,-34 21,-34 21,-34 21,-34 21,-34 21,-34 21,-34 21,-34 21,-34 21,-34 21,-34 21,-34 21,-34 21,-34 21,-34 21,-34 21,-34 21,-34
-484,774 4,-38 4,-38 4,-38 4,-38 4,-38 4,-38 4,-38 4,-38 4,-38 4,-38 4,-38 4,-38 4,-38 4,-38 4,-38 4,-38 4,-38 4,-38 4,-38
-85,728 -12,-35 -12,-35 -12,-35 -12,-35 -12,-35 -12,-35 -12,-35 -12,-35 -12,-35 -12,-35 -12,-35
516,516 31,-20 31,-20 31,-20 31,-20 31,-20 31,-20 31,-20 31,-20 31,-20 31,-20 31,-20
-343,215 20,-32 20,-32 20,-32 20,-32 20,-32 20,-32 20,-32 20,-32 20,-32 20,-32 20,-32 20,-32 20,-32 20,-32 20,-32 20,-32 20,-32 20,-32 20,-32
-389,615 4,-39 4,-39 4,-39 4,-39 4,-39 4,-39 4,-39 4,-39 4,-39 4,-39 4,-39 4,-39 4,-39 4,-39 4,-39 4,-39 4,-39 4,-39 4,-39 4,-39 4,-39 4,-39 4,-39
-99,904 -13,-37 -13,-37 -13,-37 -13,-37 -13,-37 -13,-37 -13,-37 -13,-37 -13,-37 -13,-37 -13,-37 -13,-37 -13,-37 -13,-37 -13,-37 -13,-37 -13,-37 -13,-37 -13,-37 -13,-37 -13,-37 -13,-37 -13,-37
300,858 -27,-27 -27,-27 -27,-27 -27,-27 -27,-27 -27,-27 -27,-27 -27,-27 -27,-27 -27,-27 -27,-27 -27,-27 -27,-27 -27,-27 -27,-27 -27,-27 -27,-27 -27,-27 -27,-27
858,300 4,-36 4,-36 4,-36 4,-36 4,-36 4,-36 4,-36 4,-36 4,-36 4,-36 4,-36
-46,399 -13,-36 -13,-36 -13,-36 -13,-36 -13,-36 -13,-36 -13,-36 -13,-36 -13,-36 -13,-36 -13,-36 -13,-36 -13,-36 -13,-36 -13,-36 -13,-36 -13,-36 -13,-36 -13,-36
244,689 -28,-28 -28,-28 -28,-28 -28,-28 -28,-28 -28,-28 -28,-28 -28,-28 -28,-28 -28,-28 -28,-28 -28,-28 -28,-28 -28,-28 -28,-28 -28,-28 -28,-28 -28,-28 -28,-28 -28,-28 -28,-28 -28,-28 -28,-28
643,643 -37,-13 -37,-13 -37,-13 -37,-13 -37,-13 -37,-13 -37,-13 -37,-13 -37,-13 -37,-13 -37,-13 -37,-13 -37,-13 -37,-13 -37,-13 -37,-13 -37,-13 -37,-13 -37,-13 -37,-13 -37,-13 -37,-13 -37,-13
904,-99 -26,-26 -26,-26 -26,-26 -26,-26 -26,-26 -26,-26 -26,-26 -26,-26 -26,-26 -26,-26 -26,-26
290,290 -36,-13 -36,-13 -36,-13 -36,-13 -36,-13 -36,-13 -36,-13 -36,-13 -36,-13 -36,-13 -36,-13 -36,-13 -36,-13 -36,-13 -36,-13 -36,-13 -36,-13 -36,-13 -36,-13
689,244 -39,4 -39,4 -39,4 -39,4 -39,4 -39,4 -39,4 -39,4 -39,4 -39,4 -39,4 -39,4 -39,4 -39,4 -39,4 -39,4 -39,4 -39,4 -39,4 -39,4 -39,4 -39,4 -39,4
615,-389 -36,4 -36,4 -36,4 -36,4 -36,4 -36,4 -36,4 -36,4 -36,4 -36,4 -36,4
399,-46 -32,20 -32,20 -32,20 -32,20 -32,20 -32,20 -32,20 -32,20 -32,20 -32,20 -32,20 -32,20 -32,20 -32,20 -32,20 -32,20 -32,20 -32,20 -32,20
215,-343 -20,31 -20,31 -20,31 -20,31 -20,31 -20,31 -20,31 -20,31 -20,31 -20,31 -20,31
151,403 0,-35
0,0 -35,0
0,0 0,35
0,0 35,0
385,131 0,-35
0,0 -35,0
0,0 0,35
0,0 35,0
343,-215 0,-35
0,0 -35,0
0,0 0,35
0,0 35,0
46,-399 0,-35
0,0 -35,0
0,0 0,35
0,0 35,0
-290,-290 0,-35
0,0 -35,0
0,0 0,35
0,0 35,0
-399,46 0,-35
0,0 -35,0
0,0 0,35
0,0 35,0
-216,343 0,-35
0,0 -35,0
0,0 0,35
0,0 35,0
